1202419
235847
1844648
702085
1353996
300219
1158245
430761
1836435
430764
1836432
1836427
1836428
1836438
1836423
1836436
1836439
713993
1836429
430774
1836451
1349372
326780
561560
1389403
1234189
529441
1234215
1867314
1867337
1253860
1867330
1867341
1867328
1867319
1867321
1867324
502424
234473
100301
254148
1227979
1073695
158141
136212
97769
93312
1085970
1200800
310175
125134
310166
310170
1569457
350290
350175
350346
1164742
125554
1164800
1413707
1164721
589419
331180
1641962
53101
66720
1293620
146429
1080016
1035807
145251
1532428
1220504
488911
1043413
1353862
1043414
1043415
374963
374956
229472
87628
223418
229534
175766
161097
13007
1433314
402151
568561
320424
59995
1887437
1634002
984858
457540
1663622
940338
940339
459120
23810
151073
159059
525658
525657
1336647
159068
310223
1077933
377453
860712
377455
28531
511499
133498
202664
763986
1366972
226044
228669
1155266
1517516
1370068
1517520
359911
211093
211091
211092
1684446
1684444
1684439
1684440
1684443
263221
446000
1160654
1160555
476947
1419854
1419836
476968
263231
1419849
263237
476953
476949
1419872
263241
263243
1419863
476963
578532
375251
334463
1068605
162849
264192
508300
1903075
118918
458338
1174790
519505
519521
468124
1129497
174505
386194
519338
1659764
1659760
1659758
124844
1272985
544655
798504
1501032
312444
312408
75701
253215
1518153
284675
217312
167425
66686
258497
241913
1745978
1506683
100571
654623
190228
148887
1392475
114938
32224
186520
106574
1155369
1450215
1002524
226274
1303707
1853740
645712
410638
1155359
39923
370754
370750
1704273
1683877
1704268
1704269
323182
329752
1131680
1131683
1131684
130089
154402
363205
137686
50159
529570
871995
1239889
283704
45093
84210
80895
64116
1529555
90601
1616266
134786
1220044
486682
1392595
1392591
1392613
1542346
130257
261647
871891
1461157
268046
268067
268043
268057
268048
268056
1569426
1569400
368880
72925
382002
378885
119178
684032
684045
1048890
183043
261791
125701
904599
217503
190718
1500520
1500523
858917
858923
1115783
1496618
243805
143206
258794
1496642
143204
1496643
909152
1052521
1052522
435383
435387
665677
225220
1044909
496694
376680
377489
377500
377487
377475
377486
377497
386073
48038
265823
62994
1557023
178668
1502640
1502641
325724
54718
1869350
1514062
330665
292619
1005383
1231255
1005381
1433816
182919
859588
859558
859579
859581
1050979
1050977
486437
486441
573537
49154
1093964
1775745
1472330
296895
1340861
42628
493257
493280
493300
357096
357082
1009341
228057
1623382
178763
74672
285843
285844
165306
925372
135200
213401
986244
662942
1140085
1685568
526780
526759
199127
171306
871916
1736640
139758
139763
197445
139743
139744
197452
139768
139766
197428
197352
139746
1088405
481621
1905777
1421761
1288231
992844
491989
945182
945154
184394
351448
429536
1009519
254025
1053387
768854
345116
149354
651082
